| idx | angle (deg) | strain   | atoms | surf_ratio |  idx1  |  idx2  |
--------------------------------------------------------------
|   1 |    21.7830 | 0.000000 |    28 |   7/7   |  -2, -3 |  -3, -1 |
|   2 |    21.7820 | 0.007662 |   390 |  98/97  |  -7, -7 |   4,-10 |
|   3 |    21.7830 | 0.007885 |   390 |  97/98  |  -8, -5 |   5, -9 |
|   4 |    21.7820 | 0.007890 |   262 |  66/65  |  -5, -4 |   4,-10 |
|   5 |    21.7830 | 0.008156 |   366 |  92/91  |  -8, -5 |   4, -9 |
|   6 |    21.7810 | 0.008209 |   262 |  65/66  |  -5, -4 |   5, -9 |
|   7 |    21.7810 | 0.008245 |   362 |  91/90  |  -7, -7 |   6, -7 |
|   8 |    21.7850 | 0.008410 |   366 |  91/92  |  -7, -7 |   5, -8 |
|   9 |    21.7820 | 0.008487 |   396 | 100/98  |  -8, -5 |   4,-10 |
|  10 |    21.7830 | 0.008505 |   362 |  90/91  |  -8, -5 |   2,-10 |
|  11 |    21.7830 | 0.008528 |   242 |  61/60  |  -5, -4 |   4, -9 |
|  12 |    21.7810 | 0.008813 |   234 |  59/58  |  -5, -4 |   6, -7 |
|  13 |    21.7830 | 0.008821 |   338 |  85/84  |  -8, -5 |   1,-10 |
|  14 |    21.7830 | 0.008902 |   242 |  60/61  |  -5, -4 |   5, -8 |
|  15 |    21.7810 | 0.008908 |   396 |  98/100 |  -7, -7 |   5, -9 |
|  16 |    21.7860 | 0.009119 |   338 |  84/85  |  -7, -7 |   7, -5 |
|  17 |    21.7830 | 0.009214 |   234 |  58/59  |  -5, -4 |   2,-10 |
|  18 |    21.7830 | 0.009313 |   360 |  91/89  |  -7, -7 |   4, -9 |
|  19 |    21.7800 | 0.009604 |   310 |  78/77  |  -8, -5 |   6, -6 |
|  20 |    21.7810 | 0.009617 |   214 |  54/53  |  -5, -4 |   6, -6 |
|  21 |    21.7800 | 0.009727 |   306 |  77/76  |  -7, -7 |   3, -8 |
|  22 |    21.7830 | 0.009823 |   360 |  89/91  |  -8, -5 |   5, -8 |
|  23 |    21.7810 | 0.009846 |   340 |  86/84  |  -8, -5 |   6, -7 |
|  24 |    21.7850 | 0.009958 |   310 |  77/78  |  -7, -7 |   2, -9 |
|  25 |    21.7810 | 0.009981 |   206 |  52/51  |  -5, -4 |   3, -8 |
|  26 |    21.7850 | 0.010076 |   332 |  84/82  |  -7, -7 |   6, -6 |
|  27 |    21.7840 | 0.010091 |   306 |  76/77  |  -8, -5 |   4, -7 |
|  28 |    21.7830 | 0.010096 |   214 |  53/54  |  -5, -4 |   2, -9 |
|  29 |    21.7810 | 0.010138 |   386 |  98/95  |  -7, -7 |   6, -8 |
|  30 |    21.7810 | 0.010254 |   252 |  64/62  |  -5, -4 |   6, -8 |
|  31 |    21.7830 | 0.010412 |   134 |  34/33  |  -2, -3 |   6, -8 |
|  32 |    21.7840 | 0.010498 |   206 |  51/52  |  -5, -4 |   4, -7 |
|  33 |    21.7860 | 0.010539 |   282 |  71/70  |  -3, -8 |   7, -5 |
|  34 |    21.7800 | 0.010562 |   370 |  94/91  |  -8, -5 |   6, -8 |
|  35 |    21.7830 | 0.010676 |   332 |  82/84  |  -8, -5 |   2, -9 |
|  36 |    21.7870 | 0.010688 |   278 |  70/69  |  -7,  0 |   2,-10 |
|  37 |    21.7800 | 0.010703 |   312 |  79/77  |  -8, -5 |   3, -8 |
|  38 |    21.7820 | 0.010794 |   386 |  95/98  |  -8, -5 |   3,-10 |
|  39 |    21.7810 | 0.010926 |   252 |  62/64  |  -5, -4 |   3,-10 |
|  40 |    21.7830 | 0.010967 |   282 |  70/71  |  -7,  0 |   1,-10 |
|  41 |    21.7850 | 0.010975 |   304 |  77/75  |  -7, -7 |   8, -3 |
|  42 |    21.7820 | 0.011025 |   186 |  47/46  |  -5, -4 |   8, -3 |
|  43 |    21.7870 | 0.011100 |   134 |  33/34  |  -3, -1 |   3,-10 |
|  44 |    21.7820 | 0.011128 |   278 |  69/70  |  -3, -8 |   6, -7 |
|  45 |    21.7820 | 0.011276 |   370 |  91/94  |  -7, -7 |   3,-10 |
|  46 |    21.7850 | 0.011382 |   312 |  77/79  |  -7, -7 |   4, -7 |
|  47 |    21.7830 | 0.011397 |   342 |  87/84  |  -8, -5 |   3, -9 |
|  48 |    21.7830 | 0.011491 |   224 |  57/55  |  -5, -4 |   3, -9 |
|  49 |    21.7810 | 0.011659 |   186 |  46/47  |  -5, -4 |  -1,-10 |
|  50 |    21.7820 | 0.011677 |   254 |  64/63  |  -8, -5 |   8, -3 |
|  51 |    21.7800 | 0.011691 |   304 |  75/77  |  -8, -5 |  -1,-10 |
|  52 |    21.7820 | 0.011773 |   118 |  30/29  |  -2, -3 |   8, -3 |
|  53 |    21.7830 | 0.011796 |   330 |  84/81  |  -7, -7 |   3, -9 |
|  54 |    21.7830 | 0.011859 |   250 |  63/62  |  -7,  0 |   5, -9 |
|  55 |    21.7870 | 0.012051 |   276 |  70/68  |  -7,  0 |   0,-10 |
|  56 |    21.7800 | 0.012204 |   254 |  63/64  |  -7, -7 |  -1,-10 |
|  57 |    21.7850 | 0.012233 |   342 |  84/87  |  -7, -7 |   5, -7 |
|  58 |    21.7820 | 0.012342 |   224 |  55/57  |  -5, -4 |   5, -7 |
|  59 |    21.7830 | 0.012374 |   314 |  80/77  |  -8, -5 |   0,-10 |
|  60 |    21.7820 | 0.012404 |   250 |  62/63  |  -3, -8 |   4,-10 |
|  61 |    21.7800 | 0.012660 |   118 |  29/30  |  -3, -1 |  -1,-10 |
|  62 |    21.7820 | 0.012694 |   330 |  81/84  |  -8, -5 |   5, -7 |
|  63 |    21.7820 | 0.012917 |   158 |  40/39  |   4, -1 |   0,-10 |
|  64 |    21.7820 | 0.012919 |   276 |  68/70  |  -3, -8 |   7, -4 |
|  65 |    21.7870 | 0.013053 |   106 |  27/26  |  -3, -1 |   3, -8 |
|  66 |    21.7830 | 0.013067 |   196 |  50/48  |  -5, -4 |   0,-10 |
|  67 |    21.7870 | 0.013360 |   248 |  63/61  |  -7,  0 |   3, -9 |
|  68 |    21.7850 | 0.013367 |   314 |  77/80  |  -7, -7 |   7, -4 |
|  69 |    21.7820 | 0.013536 |   286 |  73/70  |  -3, -8 |   8, -3 |
|  70 |    21.7820 | 0.013582 |   150 |  38/37  |   4, -1 |   2,-10 |
|  71 |    21.7830 | 0.013795 |   158 |  39/40  |  -1, -5 |   7, -4 |
|  72 |    21.7830 | 0.014103 |   274 |  70/67  |  -7, -7 |   0,-10 |
|  73 |    21.7820 | 0.014153 |   106 |  26/27  |  -2, -3 |   4, -7 |
|  74 |    21.7810 | 0.014178 |   196 |  48/50  |  -5, -4 |   7, -4 |
|  75 |    21.7820 | 0.014435 |   248 |  61/63  |  -3, -8 |   5, -7 |
|  76 |    21.7830 | 0.014557 |   150 |  37/38  |  -1, -5 |   6, -7 |
|  77 |    21.7870 | 0.014732 |   286 |  70/73  |  -7,  0 |  -1,-10 |
|  78 |    21.7830 | 0.014890 |   198 |  50/49  |   5, -3 |   0,-10 |
|  79 |    21.7820 | 0.014937 |   258 |  66/63  |  -3, -8 |   6, -6 |
|  80 |    21.7830 | 0.015143 |   168 |  43/41  |  -1, -5 |   8, -3 |
|  81 |    21.7870 | 0.015189 |   194 |  49/48  |  -7,  0 |   4, -7 |
|  82 |    21.7830 | 0.015266 |    90 |  23/22  |  -2, -3 |   1,-10 |
|  83 |    21.7810 | 0.015406 |   274 |  67/70  |  -8, -5 |   7, -4 |
|  84 |    21.7820 | 0.015591 |   130 |  33/32  |   4, -1 |   3, -9 |
|  85 |    21.7810 | 0.015759 |   198 |  49/50  |   0, -7 |   7, -4 |
|  86 |    21.7820 | 0.016028 |    68 |  17/17  |  -2, -3 |  -1,-10 |
|  87 |    21.7820 | 0.016093 |   194 |  48/49  |  -3, -8 |   3, -8 |
|  88 |    21.7870 | 0.016408 |   258 |  63/66  |  -7,  0 |   2, -9 |
|  89 |    21.7830 | 0.016417 |   200 |  51/49  |  -3, -8 |   3, -9 |
|  90 |    21.7820 | 0.016571 |   122 |  31/30  |   4, -1 |   5, -9 |
|  91 |    21.7810 | 0.016573 |   238 |  60/59  |   6, -5 |   0,-10 |
|  92 |    21.7820 | 0.016657 |   168 |  41/43  |   4, -1 |  -1,-10 |
|  93 |    21.7830 | 0.016663 |   230 |  59/56  |  -3, -8 |   4, -9 |
|  94 |    21.7870 | 0.016791 |    90 |  22/23  |  -3, -1 |   7, -5 |
|  95 |    21.7830 | 0.016889 |   130 |  32/33  |  -1, -5 |   5, -7 |
|  96 |    21.7870 | 0.017068 |   192 |  49/47  |   0, -7 |   7, -5 |
|  97 |    21.7830 | 0.017267 |   170 |  43/42  |  -3, -8 |   2, -9 |
|  98 |    21.7830 | 0.017397 |   238 |  59/60  |   1, -9 |   7, -4 |
|  99 |    21.7820 | 0.017489 |    78 |  20/19  |  -2, -3 |   0,-10 |
| 100 |    21.7870 | 0.017530 |   218 |  56/53  |  -7,  0 |   3, -8 |
| 101 |    21.7830 | 0.017954 |   308 |  80/74  |   0,-10 |   8, -3 |
| 102 |    21.7830 | 0.018004 |   140 |  36/34  |  -1, -5 |   6, -6 |
| 103 |    21.7830 | 0.018046 |   122 |  30/31  |  -1, -5 |   4,-10 |
| 104 |    21.7820 | 0.018071 |   200 |  49/51  |  -7,  0 |   5, -7 |
| 105 |    21.7870 | 0.018445 |   170 |  42/43  |  -7,  0 |   6, -6 |
| 106 |    21.7830 | 0.018513 |   230 |  56/59  |  -7,  0 |   5, -8 |
| 107 |    21.7830 | 0.018863 |   192 |  47/49  |   5, -3 |   1,-10 |
| 108 |    21.7830 | 0.019128 |   268 |  69/65  |   1, -9 |   8, -3 |
| 109 |    21.7810 | 0.019518 |   308 |  74/80  |   7, -4 |  -1,-10 |
| 110 |    21.7870 | 0.019521 |    78 |  19/20  |  -3, -1 |   7, -4 |
| 111 |    21.7810 | 0.019591 |   218 |  53/56  |   5, -3 |  -1,-10 |
| 112 |    21.7820 | 0.019662 |   102 |  26/25  |   4, -1 |   6, -8 |
| 113 |    21.7870 | 0.019954 |   190 |  49/46  |  -7,  0 |   6, -7 |
| 114 |    21.7830 | 0.020150 |   226 |  58/55  |   1, -9 |   7, -5 |
| 115 |    21.7820 | 0.020185 |   140 |  34/36  |   4, -1 |   2, -9 |
| 116 |    21.7830 | 0.020547 |   142 |  36/35  |   5, -3 |   3, -9 |
| 117 |    21.7820 | 0.021247 |    94 |  24/23  |   4, -1 |   4, -7 |
| 118 |    21.7830 | 0.021527 |   182 |  46/45  |   1, -9 |   6, -8 |
| 119 |    21.7810 | 0.021606 |   268 |  65/69  |   6, -5 |  -1,-10 |
| 120 |    21.7830 | 0.021772 |   102 |  25/26  |  -1, -5 |   3,-10 |
| 121 |    21.7820 | 0.022196 |   112 |  29/27  |   4, -1 |   3, -8 |
| 122 |    21.7820 | 0.022236 |   142 |  35/36  |   0, -7 |   5, -7 |
| 123 |    21.7830 | 0.022668 |   190 |  46/49  |  -3, -8 |   2,-10 |
| 124 |    21.7810 | 0.022787 |   226 |  55/58  |   6, -5 |   1,-10 |
| 125 |    21.7810 | 0.022938 |   182 |  45/46  |   6, -5 |   3,-10 |
| 126 |    21.7800 | 0.023155 |   162 |  42/39  |   0, -7 |   6, -6 |
| 127 |    21.7830 | 0.023244 |   194 |  50/47  |   6, -5 |   2,-10 |
| 128 |    21.7830 | 0.023620 |   136 |  35/33  |   0, -7 |   5, -8 |
| 129 |    21.7800 | 0.023732 |    94 |  23/24  |  -1, -5 |   3, -8 |
| 130 |    21.7820 | 0.023757 |   240 |  63/57  |   3, -9 |   8, -3 |
| 131 |    21.7820 | 0.023979 |   230 |  55/60  |   2, -9 |   7, -4 |
| 132 |    21.7810 | 0.025314 |   154 |  39/38  |   6, -5 |   3, -9 |
| 133 |    21.7830 | 0.025491 |   146 |  38/35  |  -3, -8 |   1,-10 |
| 134 |    21.7840 | 0.025606 |   112 |  27/29  |  -1, -5 |   4, -7 |
| 135 |    21.7820 | 0.026483 |    50 |  13/12  |   1, -2 |   8, -3 |
| 136 |    21.7830 | 0.026610 |    74 |  19/18  |  -1, -5 |   2, -9 |
| 137 |    21.7810 | 0.026826 |   194 |  47/50  |   1, -9 |   6, -7 |
| 138 |    21.7830 | 0.026891 |   162 |  39/42  |   5, -3 |   2, -9 |
| 139 |    21.7820 | 0.026945 |   240 |  57/63  |   5, -7 |  -1,-10 |
| 140 |    21.7800 | 0.027123 |   184 |  48/44  |   1, -9 |   6, -6 |
| 141 |    21.7830 | 0.027202 |   136 |  33/35  |   5, -3 |   4, -9 |
| 142 |    21.7830 | 0.027285 |   154 |  38/39  |   1, -9 |   5, -7 |
| 143 |    21.7830 | 0.027372 |   116 |  30/28  |  -3, -8 |   0,-10 |
| 144 |    21.7820 | 0.028926 |    84 |  22/20  |   4, -1 |   6, -7 |
| 145 |    21.7820 | 0.029099 |   214 |  55/52  |   3,-10 |   7, -5 |
| 146 |    21.7830 | 0.029840 |   152 |  40/36  |   4, -9 |   0,-10 |
| 147 |    21.7870 | 0.030093 |   146 |  35/38  |  -7,  0 |   7, -5 |
| 148 |    21.7820 | 0.030623 |    74 |  18/19  |   4, -1 |   6, -6 |
| 149 |    21.7820 | 0.030894 |   278 |  71/68  |   3,-10 |   8, -3 |
| 150 |    21.7810 | 0.030952 |   118 |  31/28  |   5, -3 |   3, -8 |
| 151 |    21.7830 | 0.030968 |   142 |  37/34  |   1, -9 |   5, -8 |
| 152 |    21.7820 | 0.031438 |    50 |  12/13  |   1, -2 |  -1,-10 |
| 153 |    21.7870 | 0.032299 |   116 |  28/30  |  -7,  0 |   7, -4 |
| 154 |    21.7830 | 0.032391 |   184 |  44/48  |   6, -5 |   2, -9 |
| 155 |    21.7800 | 0.032553 |   168 |  42/42  |   2, -9 |   6, -6 |
| 156 |    21.7820 | 0.033152 |    86 |  22/21  |  -3, -8 |  -1,-10 |
| 157 |    21.7830 | 0.033580 |   282 |  74/67  |   2,-10 |   8, -3 |
| 158 |    21.7830 | 0.033743 |   214 |  52/55  |   6, -8 |   1,-10 |
| 159 |    21.7830 | 0.034079 |   106 |  28/25  |   0, -7 |   4, -9 |
| 160 |    21.7830 | 0.034286 |   194 |  50/47  |   5, -8 |   0,-10 |
| 161 |    21.7820 | 0.034336 |   172 |  46/40  |   6, -8 |   8, -3 |
| 162 |    21.7830 | 0.034673 |    82 |  21/20  |   0, -7 |   3, -9 |
| 163 |    21.7810 | 0.034865 |   278 |  68/71  |   6, -8 |  -1,-10 |
| 164 |    21.7830 | 0.035000 |    84 |  20/22  |  -1, -5 |   2,-10 |
| 165 |    21.7840 | 0.035192 |    88 |  23/21  |   5, -3 |   4, -7 |
| 166 |    21.7830 | 0.035312 |   166 |  43/40  |   5, -9 |   7, -4 |
| 167 |    21.7830 | 0.036290 |   152 |  36/40  |   5, -8 |   7, -4 |
| 168 |    21.7860 | 0.037479 |    34 |   9/8   |   1, -2 |   7, -5 |
| 169 |    21.7820 | 0.037579 |   254 |  68/59  |   4,-10 |   8, -3 |
| 170 |    21.7830 | 0.037667 |   142 |  34/37  |   6, -5 |   4, -9 |
| 171 |    21.7870 | 0.037765 |    86 |  21/22  |  -7,  0 |   8, -3 |
| 172 |    21.7840 | 0.038010 |   118 |  28/31  |   0, -7 |   4, -7 |
| 173 |    21.7800 | 0.038021 |   134 |  36/31  |   3, -9 |   6, -6 |
| 174 |    21.7810 | 0.038642 |   124 |  33/29  |   6, -5 |   3, -8 |
| 175 |    21.7810 | 0.038916 |   110 |  29/26  |   6, -5 |   5, -9 |
| 176 |    21.7830 | 0.039462 |   182 |  48/43  |   3, -9 |   7, -5 |
| 177 |    21.7820 | 0.039748 |    82 |  20/21  |   5, -3 |   5, -7 |
| 178 |    21.7820 | 0.039937 |   138 |  36/33  |   2,-10 |   5, -7 |
| 179 |    21.7810 | 0.040059 |   202 |  51/50  |   3, -9 |   7, -4 |
| 180 |    21.7830 | 0.040488 |   194 |  47/50  |   4, -9 |   7, -4 |
| 181 |    21.7850 | 0.040574 |   126 |  33/30  |   7, -4 |   4, -7 |
| 182 |    21.7800 | 0.040814 |   204 |  55/47  |   3, -8 |   8, -3 |
| 183 |    21.7820 | 0.041124 |   208 |  54/50  |   4,-10 |   7, -4 |
| 184 |    21.7830 | 0.041481 |    56 |  15/13  |  -1, -5 |   1,-10 |
| 185 |    21.7860 | 0.041625 |   226 |  60/53  |   2,-10 |   7, -5 |
| 186 |    21.7810 | 0.041851 |   282 |  67/74  |   6, -7 |  -1,-10 |
| 187 |    21.7820 | 0.042347 |   172 |  40/46  |   3,-10 |  -1,-10 |
| 188 |    21.7830 | 0.042477 |   202 |  50/51  |   5, -7 |   0,-10 |
| 189 |    21.7830 | 0.042642 |   166 |  40/43  |   4,-10 |   0,-10 |
| 190 |    21.7830 | 0.042836 |   106 |  25/28  |   5, -3 |   5, -8 |
| 191 |    21.7800 | 0.043773 |    88 |  21/23  |   0, -7 |   3, -8 |
| 192 |    21.7830 | 0.044847 |   214 |  57/50  |   5, -9 |   8, -3 |
| 193 |    21.7830 | 0.046525 |   100 |  27/23  |   1, -9 |   4, -9 |
| 194 |    21.7830 | 0.046550 |   166 |  44/39  |   6, -8 |   2,-10 |
| 195 |    21.7820 | 0.047406 |   160 |  41/39  |   5, -7 |   8, -3 |
| 196 |    21.7810 | 0.048227 |   254 |  59/68  |   5, -9 |  -1,-10 |
| 197 |    21.7830 | 0.048238 |    34 |   8/9   |   1, -2 |   1,-10 |
| 198 |    21.7820 | 0.048653 |   134 |  31/36  |   5, -7 |   2, -9 |
| 199 |    21.7830 | 0.048762 |    38 |  10/9   |  -1, -5 |   0,-10 |
| 200 |    21.7830 | 0.050111 |   110 |  26/29  |   1, -9 |   4,-10 |
| 201 |    21.7810 | 0.050156 |    82 |  22/19  |   6, -5 |   4, -7 |
| 202 |    21.7810 | 0.050295 |   124 |  29/33  |   1, -9 |   4, -7 |
| 203 |    21.7830 | 0.050520 |   208 |  50/54  |   5, -9 |   0,-10 |
| 204 |    21.7830 | 0.050970 |   182 |  43/48  |   5, -7 |   1,-10 |
| 205 |    21.7820 | 0.051348 |   160 |  42/38  |   3,-10 |   6, -6 |
| 206 |    21.7830 | 0.052573 |   102 |  28/23  |   4,-10 |   6, -8 |
| 207 |    21.7840 | 0.053629 |   204 |  47/55  |   4, -7 |  -1,-10 |
| 208 |    21.7830 | 0.053785 |    70 |  18/17  |   1, -9 |   3, -9 |
| 209 |    21.7810 | 0.054037 |    62 |  17/14  |   5, -3 |   6, -7 |
| 210 |    21.7820 | 0.054342 |    22 |   6/5   |   1, -2 |   6, -6 |
| 211 |    21.7820 | 0.054398 |    90 |  24/21  |   5, -7 |   7, -5 |
| 212 |    21.7830 | 0.054736 |   160 |  39/41  |   3, -9 |  -1,-10 |
| 213 |    21.7830 | 0.055008 |   226 |  53/60  |   6, -7 |   1,-10 |
| 214 |    21.7820 | 0.055227 |    56 |  13/15  |   4, -1 |   7, -5 |
| 215 |    21.7830 | 0.055556 |    52 |  14/12  |   0, -7 |   2, -9 |
| 216 |    21.7860 | 0.056801 |   182 |  50/41  |   4,-10 |   7, -5 |
| 217 |    21.7830 | 0.057262 |    96 |  26/22  |   3,-10 |   5, -8 |
| 218 |    21.7830 | 0.057655 |   168 |  40/44  |   0,-10 |   4, -7 |
| 219 |    21.7810 | 0.058409 |    86 |  24/19  |   6, -8 |   3, -8 |
| 220 |    21.7830 | 0.058455 |    78 |  20/19  |   1,-10 |  -1,-10 |
| 221 |    21.7820 | 0.060470 |   136 |  38/30  |   6, -7 |   8, -3 |
| 222 |    21.7800 | 0.060543 |   214 |  50/57  |   4,-10 |  -1,-10 |
| 223 |    21.7860 | 0.060856 |   148 |  41/33  |   7, -5 |   3, -8 |
| 224 |    21.7820 | 0.062445 |   166 |  39/44  |   3,-10 |   6, -7 |
| 225 |    21.7890 | 0.063374 |    70 |  17/18  |   6, -5 |   5, -7 |
| 226 |    21.7830 | 0.063867 |    18 |   5/4   |   5, -9 |   5, -8 |
| 227 |    21.7820 | 0.064084 |    38 |   9/10  |   4, -1 |   7, -4 |
| 228 |    21.7890 | 0.064526 |   100 |  23/27  |   6, -5 |   5, -8 |
| 229 |    21.7830 | 0.067020 |   160 |  38/42  |   6, -8 |   2, -9 |
| 230 |    21.7870 | 0.067821 |    78 |  19/20  |   7, -5 |   8, -3 |
| 231 |    21.7810 | 0.068332 |   124 |  32/30  |   6, -8 |   7, -4 |
| 232 |    21.7820 | 0.069444 |    16 |   4/4   |   1, -2 |   3,-10 |
| 233 |    21.7800 | 0.070084 |   126 |  36/27  |   4,-10 |   6, -6 |
| 234 |    21.7830 | 0.070420 |    82 |  19/22  |   1, -9 |  -1,-10 |
| 235 |    21.7840 | 0.071626 |    56 |  14/14  |   6, -7 |   4, -7 |
| 236 |    21.7830 | 0.072681 |   120 |  34/26  |   5, -8 |   2,-10 |
| 237 |    21.7800 | 0.073859 |   104 |  30/22  |   6, -6 |   3, -8 |
| 238 |    21.7840 | 0.075079 |   102 |  29/22  |   7, -5 |   4, -7 |
| 239 |    21.7830 | 0.076032 |    90 |  21/24  |   3, -9 |   1,-10 |
| 240 |    21.7830 | 0.076715 |   102 |  23/28  |   5, -9 |   3,-10 |
| 241 |    21.7870 | 0.078161 |    92 |  26/20  |   6, -8 |   7, -5 |
| 242 |    21.7810 | 0.079132 |    90 |  25/20  |   6, -7 |   7, -4 |
| 243 |    21.7810 | 0.079756 |    46 |  12/11  |   7, -5 |   6, -6 |
| 244 |    21.7830 | 0.079958 |    62 |  14/17  |   0, -7 |   2,-10 |
| 245 |    21.7820 | 0.080308 |    22 |   5/6   |   1, -2 |   2, -9 |
| 246 |    21.7810 | 0.080380 |    52 |  12/14  |   5, -3 |   6, -6 |
| 247 |    21.7820 | 0.081662 |    32 |   9/7   |   5, -3 |   8, -3 |
| 248 |    21.7820 | 0.082282 |   124 |  30/32  |   3,-10 |   0,-10 |
| 249 |    21.7830 | 0.082479 |    76 |  20/18  |   2, -9 |   0,-10 |
| 250 |    21.7830 | 0.084769 |    96 |  22/26  |   6, -8 |   4, -9 |
| 251 |    21.7830 | 0.086018 |   182 |  41/50  |   5, -9 |   1,-10 |
| 252 |    21.7810 | 0.086836 |    42 |  11/10  |   6, -5 |   7, -4 |
| 253 |    21.7830 | 0.087130 |    76 |  21/17  |   5, -8 |   3, -9 |
| 254 |    21.7820 | 0.089347 |    86 |  19/24  |   3,-10 |   4, -7 |
| 255 |    21.7830 | 0.090921 |    18 |   5/4   |  -1, -5 |  -1,-10 |
| 256 |    21.7820 | 0.092531 |    80 |  22/18  |   4,-10 |   5, -7 |
| 257 |    21.7820 | 0.094022 |    12 |   3/3   |   1, -2 |   5, -7 |
| 258 |    21.7810 | 0.094232 |    50 |  13/12  |   5, -9 |   3, -8 |
| 259 |    21.7830 | 0.094685 |   136 |  30/38  |   2,-10 |  -1,-10 |
| 260 |    21.7800 | 0.095066 |    68 |  19/15  |   5, -7 |   3, -8 |
| 261 |    21.7840 | 0.095694 |   148 |  33/41  |   1,-10 |   4, -7 |
| 262 |    21.7830 | 0.098420 |    34 |  10/7   |   1,-10 |   0,-10 |
| 263 |    21.7830 | 0.102149 |    46 |  11/12  |   1,-10 |   2, -9 |
| 264 |    21.7830 | 0.103003 |    18 |   4/5   |   4,-10 |   4, -9 |
| 265 |    21.7830 | 0.106667 |    16 |   5/3   |   4, -9 |   3, -8 |
| 266 |    21.7830 | 0.106807 |    30 |   9/6   |   1, -9 |   2, -9 |
| 267 |    21.7810 | 0.107826 |    38 |  12/7   |   6, -8 |   6, -6 |
| 268 |    21.7830 | 0.110196 |   136 |  30/38  |   4,-10 |   1,-10 |
| 269 |    21.7810 | 0.110901 |    76 |  18/20  |   6, -6 |   7, -4 |
| 270 |    21.7830 | 0.111590 |    70 |  22/13  |   4, -9 |   2,-10 |
| 271 |    21.7830 | 0.112799 |    22 |   7/4   |   0, -7 |   1,-10 |
| 272 |    21.7800 | 0.113253 |    58 |  18/11  |   6, -6 |   4, -7 |
| 273 |    21.7830 | 0.113779 |    42 |  10/11  |   1, -9 |   0,-10 |
| 274 |    21.7840 | 0.118486 |    50 |  12/13  |   4,-10 |   4, -7 |
| 275 |    21.7830 | 0.119070 |    32 |  10/6   |   5, -9 |   5, -7 |
| 276 |    21.7830 | 0.120481 |   126 |  27/36  |   5, -9 |   2, -9 |
| 277 |    21.7830 | 0.120526 |    28 |   9/5   |   4, -9 |   3, -9 |
| 278 |    21.7810 | 0.122024 |    58 |  19/10  |   6, -7 |   7, -5 |
| 279 |    21.7830 | 0.128294 |   120 |  26/34  |   4, -9 |   6, -7 |
| 280 |    21.7820 | 0.130289 |     6 |   2/1   |   1, -2 |   3, -8 |
| 281 |    21.7830 | 0.131969 |   104 |  22/30  |   2, -9 |   4, -7 |
| 282 |    21.7830 | 0.135654 |   102 |  22/29  |   1,-10 |   3, -8 |
| 283 |    21.7830 | 0.136935 |    90 |  20/25  |   2,-10 |   0,-10 |
| 284 |    21.7830 | 0.138559 |    48 |  14/10  |   5, -9 |   6, -8 |
| 285 |    21.7830 | 0.139871 |    38 |  12/7   |   2,-10 |   3, -9 |
| 286 |    21.7820 | 0.141246 |    20 |   7/3   |   5, -7 |   4, -7 |
| 287 |    21.7830 | 0.142336 |    92 |  20/26  |   3,-10 |   1,-10 |
| 288 |    21.7830 | 0.144298 |    42 |  13/8   |   3,-10 |   4, -9 |
| 289 |    21.7800 | 0.147625 |    42 |  12/9   |   5, -7 |   6, -6 |
| 290 |    21.7800 | 0.148902 |    32 |   7/9   |   0, -7 |  -1,-10 |
| 291 |    21.7810 | 0.149046 |    16 |   6/2   |   6, -7 |   6, -6 |
| 292 |    21.7830 | 0.150102 |    76 |  17/21  |   4, -9 |   5, -7 |
| 293 |    21.7830 | 0.156966 |    80 |  18/22  |   5, -9 |   3, -9 |
| 294 |    21.7810 | 0.160616 |    12 |   5/1   |   6, -5 |   7, -5 |
| 295 |    21.7820 | 0.161374 |    18 |   4/5   |   4, -1 |   8, -3 |
| 296 |    21.7810 | 0.167347 |    32 |  10/6   |   6, -8 |   4, -7 |
| 297 |    21.7820 | 0.168028 |    42 |  11/10  |   7, -4 |   8, -3 |
| 298 |    21.7830 | 0.174438 |    68 |  15/19  |   3, -9 |   4, -7 |
| 299 |    21.7830 | 0.214520 |    40 |   8/12  |   1, -9 |   2,-10 |
| 300 |    21.7830 | 0.218880 |    42 |  10/11  |   0,-10 |  -1,-10 |
| 301 |    21.7860 | 0.224003 |    34 |   7/10  |   7, -5 |   7, -4 |
| 302 |    21.7830 | 0.245254 |    80 |  16/24  |   4,-10 |   2, -9 |
| 303 |    21.7810 | 0.271710 |    30 |   6/9   |   6, -5 |   6, -6 |
| 304 |    21.7890 | 0.296296 |    16 |   3/5   |   5, -8 |   4, -7 |
| 305 |    21.7830 | 0.303893 |    38 |   7/12  |   3,-10 |   2, -9 |
| 306 |    21.7830 | 0.314529 |    42 |   9/12  |   3, -9 |   2, -9 |
| 307 |    21.7820 | 0.329541 |    48 |  10/14  |   4,-10 |   3,-10 |
| 308 |    21.7810 | 0.334874 |    70 |  13/22  |   5, -8 |   6, -7 |
| 309 |    21.7830 | 0.335800 |    58 |  11/18  |   2, -9 |   3, -8 |
| 310 |    21.7860 | 0.348885 |    22 |   4/7   |   5, -3 |   7, -5 |
| 311 |    21.7830 | 0.377251 |    32 |   6/10  |   4,-10 |   3, -9 |
| 312 |    21.7820 | 0.423134 |    28 |   5/9   |   5, -8 |   5, -7 |
| 313 |    21.7830 | 0.454016 |    58 |  10/19  |   2,-10 |   1,-10 |
| 314 |    21.7830 | 0.474781 |    42 |   8/13  |   6, -8 |   5, -8 |
| 315 |    21.7810 | 0.507564 |    38 |   7/12  |   6, -7 |   5, -7 |
| 316 |    21.7840 | 0.571979 |     6 |   1/2   |   1, -2 |   4, -7 |
| 317 |    21.7800 | 0.592818 |    32 |   6/10  |   3,-10 |   3, -8 |
| 318 |    21.7800 | 0.858890 |    20 |   3/7   |   3, -9 |   3, -8 |
| 319 |    21.7830 | 1.395540 |    16 |   2/6   |   2,-10 |   2, -9 |
| 320 |    21.7830 | 1.858855 |    10 |   3/2   |   3,-10 |   3, -9 |
| 321 |    21.7830 | 4.230985 |    12 |   1/5   |   1, -9 |   1,-10 |
| 322 |    21.7830 | 4.377799 |    10 |   2/3   |   6, -8 |   5, -7 |
